           1
           5
           3
           8
           2
           1
           1
           1
           3
           5           5           5           5           5           5
           5           5           5           5
           1
           1
          30
           1
           3
         -16
          20
          20
         -15
  0.500000000000000     
           0
           0
           0
           1
           1
           0
           1
           0
  5.000000000000000E-002
           0
           0
           1
  0.000000000000000E+000
           2
           2
   28700.0000000000     
           3
  0.666666666666667     
   247.423252881774     
   549.520443075740     
   30.2097190193966     
  -1102.13312668536     
   33063.9938005609     
   3416.61269272462     
 -2.438371642666667E-002
  0.731511492800000     
  7.558952092266667E-002
png 
           1
           1
height_axis   36
ndecimalX   -1
ndecimalYleft   -1
ndecimalYright   -1
labtype_Yleft    1
ticksize   36
legtextsize   36
ilegendpos    7
iYeq0    1
thk_PVS    4
thk_OPVS    4
iVDOS    0
labtype_Yright    1
num1Dpoints     471
